2109036
576756972
3029408
1104643681
13458
8144
475875
28086984
97776
57558888
1736849
60858
7365
127899
35544
33213952
653556
8948
6454
782
1331712
15537453
12763566858
1069
259752
3195693
49176380250
253809852
751
236658240
7686
856
8032464
66060
480690
21045024
294336
33401
2931104
28566
1040
187968
4992215
2137289544
223250
48870
728057579
392
108204960
14229
1672476
1618766643
1166018
525
52924
16360
9883297
973916
153506360
35172
875355
819963721093
30820812
93114
1427
3290573
444
228697
73191888
1890989
7440
16968
77440
48049
664
1031
1621533120
391002
6318279
471816
44968
99600
133110
177053
576
7605
446283
21573728
449486
287825
29106000
4875
556416
82080
9182225
1147150
11424
158464
1899297
59432
1016349250
30395070
45556
9255060
44320
1318736
19045689
191102
466005
528
140593361
62905
292589
446
170800
6819
7715
267
2614399
4371039
70116840
82513
45144
26558
2230448
58344
11867403510
15889035
18966
403020
206
4048704
30240015
8036956
57318
9114
18319317
15873587
3612897
7525784
3840018
14562
211
17888
102
286026
317614
468024
20088
216166095
10937475010
7171080
1447891956
207204486
176080
559994365
485
97369
293653920
57550
1406
727
280368
126364
3697416
2492
83308
11903198209
14816
33053
1956
5064
882450
16300905
6956
207456
7382265744
1867
262198
2140
83351738
1544409
5292
605416
9567810
6662189364
319315026
184274
52122
114848
15043698
57407652
283080
54899
343504
9406899360
66
16593192
266660
79918080
14597440
573
462268
3519
329767
92006
3111
82544
1553118
14000704
2087576160
39096
438497
1356
579
298964
7844
35269280
40800
458716
1706
5516955400
10841741
22154675400
5571
324456
3024072
250064836
71568
2280
6768366264
3301
1856
622356
901318
11093355
12192
137093
200046
237
767748
1185073
100356
34368
3053309
516123688
6404552
26248222
152001
2375050
70434168
256778
194256
9170
517756140
1156
591572808
272079360
4729
620
45980860320
1621080
349496
43236
2638
370152
73033867008
12385
683
74802
6077322
25856656
2897665008
627660
1814772
471955
11415228
16633
39318
184115700
39612
9082523
6789
272043
960249
9381848
1476
11586
2716391
587300
195581
127109
308350
19878
304
2448810
719716
1732728
52137948672
262217569
32941
65761
30188691225
22307765
67914
134916360
321720
36484493
3451
145899018
141178320
200611
59903676
32426911445
264192030
47245
4019
974547
8464945
19950132400
17913
2322270
3416363
6399648
171394
9740881928
1435
8729765
3361296
1303
525202
34433
1767
1260333054159
